
cmc_10.0=0.007239742401100031
cmc_15.0=0.00690052219046351
cmc_20.0=0.006619143208444517
cmc_26.5=0.0059354949103042854
cmc_35.5=0.005954599033900499
cmc_45.25=0.006189448405968275
cmc_52.0=0.00637356055312353
cmc_60.0=0.006524167528185073